339.82    119.92     342.17   109.18
445.41    122.18     445.85    112.14
319.78    301.99     320.28    291.26
441.47    186.15     441.21    175.14
129.02   299.48    128.75    287.40
300.32    265.92    301.66   256.02
377.05   285.79      377.35   276.53
413.06    147.14     414.90    136.40
316.30   204.35     318.40    194.79
68.18    272.92     69.49   261.91
345.92   167.14   348.47  155.19
483.16   184.57    487.35   174.09
13.59    220.46    12.87    209.22
389.05   108.29    391.93   97.02
304.18   106.82    302.54   94.53
482.50    135.49    485.12   124.35
270.51    376.49    272.45    366.5
205.02    365.98    206.87    355.85
326.03    351.40    327.70    342.38