162.58   233.52    164.53   230.46
208.63   368.69  211.59   362.66
278.32    136.61  278.58    133.54
389.07     112.58   388.23   110.23
468.75    246.61    469.77   241.66
541.52    348.42    542.64   342.41
589.53    224.63    587.46    220.57
355.55     408.49   358.67    400.65
184.57     110.51   185.49     108.53
63.48     170.68     64.52     168.63
34.49    360.67     37.51     355.66
113.53   435.72   117.57   429.72
26.50   61.51     29.50   60.50
41.49   239.51    44.50   236.52
274.65  18.46      274.61   17.51
337.62  61.60   336.67   60.62
327.55   327.59   329.53   321.57
76.55   19.50   77.57   18.54